p min 49 44
n 22 1
n 49 -1
a 22 25 0 1 1
a 22 32 0 1 3
a 22 39 0 1 5
a 25 28 0 1 1
a 25 35 0 1 3
a 25 42 0 1 5
a 27 30 0 1 1
a 28 31 0 1 1
a 28 38 0 1 3
a 28 45 0 1 5
a 29 32 0 1 1
a 29 39 0 1 3
a 30 33 0 1 1
a 30 49 0 1 7
a 30 49 0 1 100
a 31 41 0 1 3
a 31 48 0 1 5
a 31 49 0 1 100
a 32 42 0 1 3
a 32 49 0 1 100
a 33 49 0 1 100
a 35 49 0 1 100
a 36 49 0 1 100
a 38 49 0 1 100
a 39 49 0 1 100
a 41 49 0 1 100
a 42 49 0 1 100
a 45 49 0 1 100
a 48 49 0 1 100
a 1050 1051 0 1 1230919231
a 1050 1829 0 1 0
a 1829 1830 0 1 0
a 1830 1051 0 1 0
a 1830 14 0 1 0
a 32 49 0 1 100
a 39 49 0 1 100
a 35 49 0 1 100
a 42 49 0 1 100
a 31 49 0 1 100
a 38 49 0 1 100
a 45 49 0 1 100
a 33 49 0 1 100
a 41 49 0 1 100
a 48 49 0 1 100
